1 118.897901003 32.0992579982
2 118.898199999 32.0990750026
3 118.901593003 32.0965699982
4 118.904799 32.0941339973
5 118.904800999 32.0941799991
6 118.906332999 32.0945280008
7 118.909892 32.0962930042
8 118.911963998 32.0973189995
9 118.912712999 32.097701
10 118.912705998 32.0977019984
11 118.913544998 32.0981929973
12 118.910945998 32.0969359986
13 118.909526999 32.0987299979
14 118.908142998 32.1011270024
15 118.907866997 32.1016100012
16 118.907546999 32.1019940004
17 118.905048003 32.1011620015
18 118.901879002 32.1002050042
19 118.899975999 32.0995650012
20 118.899932002 32.0995560009
21 118.899942 32.0995550025
22 118.899951 32.0995560009
23 118.899929997 32.0995589998
24 118.899914003 32.0995570011
25 118.899923002 32.0995560009
26 118.899926999 32.0995509997
27 118.899911998 32.099561004
28 118.899922003 32.0995630026
29 118.899928998 32.0995519981
30 118.899926 32.0995499995
31 118.899941001 32.0995599981
32 118.899942 32.0995530039
33 118.899939002 32.0995659996
34 118.899942 32.0995570011
35 118.899926999 32.0995540023
36 118.898350002 32.0991779976
37 118.895249 32.1003019977
38 118.891908 32.1006540041
39 118.889567001 32.1030809972
40 118.888540001 32.1047920045
41 118.888479998 32.1047920045
42 118.886733999 32.1032720022
43 118.884038997 32.1013410017
44 118.880327001 32.0993190017
45 118.877189001 32.0988220014
46 118.873638999 32.0978580043
47 118.868227 32.0965759996
48 118.861180998 32.0957430005
49 118.853420999 32.0949610006
50 118.845249997 32.0941790007
51 118.837357001 32.0932380036
52 118.831249998 32.0920580029
53 118.831240998 32.092066003
54 118.831246001 32.0920500029
55 118.831247999 32.0920379981
56 118.831247999 32.0920420028
57 118.831245001 32.0920529999
58 118.831269002 32.0920500029
59 118.831249998 32.0920620002
60 118.831235003 32.0920590013
61 118.831215999 32.0920529999
62 118.831217997 32.0920400042
63 118.828891001 32.0913929995
64 118.822563997 32.089771999
65 118.815593 32.0874800012
66 118.808916002 32.0847090017
67 118.805492003 32.0814310033
68 118.802958003 32.0805469994
69 118.799088002 32.082704002
70 118.796578002 32.0842719991
71 118.796564001 32.0842809994
72 118.795622997 32.0847550035
73 118.795617002 32.0846740026
74 118.799458 32.0822170004
75 118.803166999 32.0795930009
76 118.798676999 32.0787289999
77 118.796464002 32.0793009996
78 118.796464002 32.0793009996
79 118.779906002 32.0797280036
80 118.779204003 32.0797169991
81 118.778971 32.0796599984
82 118.778904002 32.076762002
83 118.778822002 32.0737999994
84 118.778834998 32.0708530042
85 118.778805002 32.0673840009
86 118.778822002 32.0673120003
87 118.778819997 32.0644410029
88 118.778916998 32.0556509998
89 118.778881 32.0527630039
90 118.778627002 32.0523340013
91 118.774507998 32.0520839989
92 118.774098999 32.052147001
93 118.771949998 32.0523129981
94 118.769991 32.0527140033
95 118.766253998 32.0537059978
96 118.766445001 32.0566089973
97 118.766030001 32.0590140019
98 118.765044001 32.0611719973
99 118.765102 32.0611260012
100 118.764974997 32.0613739993
101 118.761205001 32.0621510018
102 118.756998003 32.0627810005
103 118.751949 32.0628040023
104 118.747468999 32.0611650031
105 118.741656001 32.0606069993
106 118.739246999 32.0604779981
107 118.736957998 32.0603369996
108 118.733864002 32.0602120031
109 118.733282998 32.0602260046
110 118.733263001 32.0602360032
111 118.733252003 32.0602480005
112 118.733255001 32.0602579992
113 118.733264999 32.0602499992
114 118.733297 32.0602360032
115 118.733293003 32.0602320004
116 118.733236003 32.0602429975
117 118.733248 32.0602470003
118 118.733281999 32.0602249987
119 118.733281999 32.060207
120 118.733313999 32.0601780042
121 118.733335002 32.0601849984
122 118.733351002 32.0601880029
123 118.733353 32.0601909999
124 118.733358003 32.0601880029
125 118.733325003 32.060180001
126 118.733274998 32.0601710025
127 118.733285002 32.0601739995
128 118.733330999 32.0601230022
129 118.733345 32.0601450037
130 118.733362999 32.0601610038
131 118.733361 32.0601679981
132 118.733358003 32.0601669997
133 118.733338999 32.0601689983
134 118.733321 32.0601669997
135 118.733321999 32.0601720009
136 118.733335002 32.0601669997
137 118.733338999 32.0601730011
138 118.733336001 32.0601790026
139 118.733334002 32.0601730011
140 118.733321999 32.0601720009
141 118.733314998 32.0601749998
142 118.733314998 32.0601819996
143 118.733346 32.0601700041
144 118.733348997 32.0601730011
145 118.733344001 32.0601769984
146 118.733338999 32.0601899996
147 118.733336001 32.0601860043
148 118.733328001 32.0601880029
149 118.733321 32.0601839982
150 118.733327002 32.0601790026
151 118.733321999 32.0601730011
152 118.733253002 32.0601650011
153 118.733250997 32.0601640008
154 118.734241001 32.0600890033
155 118.734483002 32.0635249987
156 118.734568 32.0672540013
157 118.739066999 32.0680210013
158 118.742930998 32.0704180002
159 118.747916999 32.0723579992
160 118.753869003 32.0733209979
161 118.758613002 32.0740420017
162 118.761929002 32.0769010019
163 118.763483997 32.0782829989
164 118.763634001 32.0783980042
165 118.763391 32.0790749975
166 118.762776002 32.0804589987
167 118.762431998 32.0821599998
168 118.762426002 32.0821449999
169 118.762395001 32.0822019987
170 118.761881001 32.0844240021
171 118.761355998 32.0861360002
172 118.760946999 32.0871840026
173 118.761089003 32.087658003
174 118.763464999 32.0896739997
175 118.765816002 32.0910400022
176 118.766558002 32.0932429992
177 118.766620997 32.0938649978
178 118.766665001 32.0940819997
179 118.769816003 32.0931240041
180 118.774242002 32.0924660023
181 118.774255998 32.0924350005
182 118.776360003 32.0918810014
183 118.779013999 32.0922220014
184 118.779371 32.0956190024
185 118.779898002 32.0979120005
186 118.779939001 32.0979570039
187 118.783894999 32.0971370004
188 118.784553 32.0969270002
189 118.787868001 32.0967569984
190 118.790549001 32.0970200021
191 118.793639 32.0978130009
192 118.794573003 32.0982030015
193 118.794529998 32.0982180033
194 118.794509002 32.0982270017
195 118.794772 32.0995300021
196 118.794756 32.1010330003
197 118.794691999 32.1011880003
198 118.794664002 32.1002300028
199 118.794660998 32.0984259993
200 118.794640001 32.0984620024
201 118.794646003 32.0984210037
202 118.794639002 32.0984240007
203 118.794601999 32.0984170008
204 118.794646003 32.0984570011
205 118.794643998 32.0984979998
206 118.794665001 32.0984839983
207 118.794658999 32.0984429996
208 118.794657001 32.0984429996
209 118.794632001 32.0984450039
210 118.794648001 32.0984370038
211 118.794636997 32.0984460022
212 118.794667999 32.0984470025
213 118.794635998 32.098461004
214 118.794624001 32.098469004
215 118.794604997 32.0984579995
216 118.794595998 32.0984519981
217 118.794607002 32.0984540023
218 118.794598002 32.098472001
219 118.794582002 32.0984819997
220 118.794570998 32.0984940045
221 118.79456 32.0985050015
222 118.794536 32.0985089988
223 118.794513998 32.0984870028
224 118.794511999 32.098483
225 118.794518001 32.0984749999
226 118.794514997 32.0984739996
227 118.794526001 32.0984730013
228 118.794537998 32.098469004
229 118.794544 32.0984659996
230 118.794546998 32.0984679982
231 118.794544 32.0984710027
232 118.794544999 32.0984530039
233 118.794542001 32.0984460022
234 118.794526001 32.0984349996
235 118.794511999 32.0984300021
236 118.794512999 32.0984370038
237 118.794516003 32.0984450039
238 118.794518001 32.0984490011
239 118.794528 32.0984519981
240 118.794529998 32.0984460022
241 118.794525002 32.0984400008
242 118.794502001 32.0984499995
243 118.794492002 32.0984519981
244 118.794479999 32.0984579995
245 118.794505998 32.098464001
246 118.794518001 32.0984749999
247 118.794513998 32.0984810013
248 118.794517002 32.0984790027
249 118.794554998 32.0984860044
250 118.794553999 32.0984759983
251 118.794551001 32.0984630026
252 118.794560999 32.0984540023
253 118.794548003 32.0984509997
254 118.794557002 32.0984700024
255 118.794577 32.0984499995
256 118.794571997 32.0984450039
257 118.794574002 32.0984460022
258 118.794573003 32.0984499995
259 118.794569 32.0984499995
260 118.794575001 32.0984499995
261 118.794586998 32.098443998
262 118.794606002 32.098443998
263 118.794620997 32.098441001
264 118.794623002 32.0984429996
265 118.794624001 32.0984499995
266 118.794630003 32.0984579995
267 118.794638003 32.0984560009
268 118.794644998 32.0984499995
269 118.794640001 32.0984460022
270 118.794671002 32.0984259993
271 118.794652998 32.098422002
272 118.794643998 32.0984109994
273 118.794625 32.098422002
274 118.794601999 32.0984339993
275 118.794590002 32.098441001
276 118.794585 32.0984400008
277 118.794577 32.0984400008
278 118.794576 32.0984490011
279 118.794576 32.0984450039
280 118.794578998 32.0984300021
281 118.794577 32.0984279979
282 118.794581003 32.0984310023
283 118.794584 32.098441001
284 118.794577 32.0984349996
285 118.794600001 32.0984460022
286 118.794599001 32.0984490011
287 118.794601999 32.0984390024
288 118.794610999 32.0984339993
289 118.794618999 32.0984470025
290 118.794624001 32.0984570011
291 118.794617999 32.0984679982
292 118.794607002 32.0984669998
293 118.794612997 32.0984759983
294 118.794608001 32.0984770041
295 118.794609999 32.0984659996
296 118.794620997 32.0984730013
297 118.794623002 32.0984650012
298 118.794609 32.0984550025
299 118.794601999 32.098461004
300 118.794585 32.0984589998
301 118.794646003 32.0984519981
302 118.794642 32.0984349996
303 118.794685997 32.0984250009
304 118.794671002 32.0984269995
305 118.794643998 32.0984300021
306 118.794628997 32.0984390024
307 118.794633 32.0984540023
308 118.794609999 32.0984470025
309 118.794601999 32.0984499995
310 118.794577 32.0984470025
311 118.794593999 32.0984499995
312 118.794598002 32.0984519981
313 118.794603998 32.0984499995
314 118.794611998 32.0984509997
315 118.794608001 32.098435998
316 118.794630003 32.0984240007
317 118.794624001 32.0984259993
318 118.794616001 32.0984160006
319 118.794607002 32.0984099992
320 118.794609999 32.0984039977
321 118.794634999 32.098391002
322 118.794649001 32.0983920004
323 118.794620997 32.098391002
324 118.794627998 32.0983890034
325 118.794615002 32.0983949993
326 118.794608001 32.0984010007
327 118.794609999 32.0984019991
328 118.794608001 32.0984090008
329 118.794619998 32.0984029993
330 118.794617999 32.0984029993
331 118.794616001 32.0984029993
332 118.794615002 32.0984090008
333 118.794616001 32.0984199978
334 118.794603998 32.0984310023
335 118.794604997 32.098435998
336 118.794612997 32.0984300021
337 118.794626 32.0984099992
338 118.794676998 32.0983789973
339 118.794669997 32.0983750019
340 118.794636997 32.0983869992
341 118.794604997 32.0984010007
342 118.794591001 32.0984109994
343 118.794583001 32.0984189995
344 118.794576 32.0984240007
345 118.794585 32.0984259993
346 118.794602998 32.098435998
347 118.794589003 32.0984310023
348 118.794610999 32.0984240007
349 118.794609999 32.0984070022
350 118.794583001 32.0984080005
351 118.794581003 32.0984029993
352 118.794571997 32.0984019991
353 118.794566002 32.0983959977
354 118.794568 32.0983980019
355 118.794599001 32.098414002
356 118.794554998 32.0984179992
357 118.794569 32.0984429996
358 118.794601 32.0984240007
359 118.794661997 32.098441001
360 118.794610999 32.0984170008
361 118.794597003 32.0984490011
362 118.794602998 32.0984570011
363 118.794583001 32.098443998
364 118.794574002 32.0984259993
365 118.794619998 32.0984210037
366 118.794581003 32.0984189995
367 118.794571997 32.0983970035
368 118.794569999 32.0984039977
369 118.794590002 32.098433001
370 118.794583001 32.0984339993
371 118.794557002 32.0984109994
372 118.794577999 32.098414002
373 118.794609 32.0984160006
374 118.794563997 32.0984099992
375 118.794584 32.098422002
376 118.794574002 32.0984269995
377 118.794569999 32.0984189995
378 118.794565002 32.0984039977
379 118.794569 32.0984090008
380 118.794571997 32.0984099992
381 118.794595998 32.0984230023
382 118.794601999 32.0984259993
383 118.794595998 32.098422002
384 118.794631002 32.0984419994
385 118.794634 32.0984530039
386 118.794642 32.0984620024
387 118.794609 32.0984579995
388 118.794581003 32.0984599981
389 118.794584 32.098461004
390 118.794587997 32.0984570011
391 118.790248001 32.0948520023
392 118.790230002 32.0948569998
393 118.790278003 32.0948979985
394 118.790768002 32.0968689993
395 118.789579002 32.0971510019
396 118.789264 32.0971229989
397 118.789256999 32.0971130002
398 118.787074997 32.0968990028
399 118.783238002 32.097438002
400 118.780296003 32.0983349998
401 118.779785001 32.0981630012
402 118.778675002 32.0939800031
403 118.778849999 32.0907659996
404 118.778817999 32.0866980013
405 118.778738997 32.0837349985
406 118.778768 32.0815409999
407 118.776480998 32.0796929989
408 118.771031002 32.0795869995
409 118.765108001 32.0793710016
410 118.761515001 32.0768290013
411 118.758664 32.0745669995
412 118.758493999 32.0744380038
413 118.747867999 32.0724690016
414 118.744197002 32.0710279997
415 118.743654999 32.0708720013
416 118.743654999 32.0708720013
417 118.742464999 32.0704400018
418 118.742464999 32.0704400018
419 118.740055997 32.0687479991
420 118.735971998 32.0671519991
421 118.736596001 32.0638700034
422 118.737088998 32.0601259992
423 118.737247001 32.059107
424 118.737273 32.0590909999
425 118.737312001 32.0590829998
426 118.737215001 32.0597770046
427 118.737237003 32.0607379992
428 118.737197002 32.0609669983
429 118.736673997 32.064224001
430 118.735490998 32.0674539972
431 118.733338999 32.0691260025
432 118.733231999 32.0696500018
433 118.733252003 32.069624003
434 118.733248 32.0696389973
435 118.732963999 32.0708210021
436 118.734580003 32.0742909983
437 118.735311998 32.0771579985
438 118.735744997 32.0789099988
439 118.736032002 32.0806129985
440 118.736544003 32.0836800039
441 118.736857 32.0862480029
442 118.736774002 32.0864499975
443 118.736803997 32.0864339974
444 118.736823001 32.0864069983
445 118.736817999 32.0863850042
446 118.736799001 32.0863659997
447 118.736744 32.0863460023
448 118.736738997 32.0864020027
449 118.736752999 32.0864220001
450 118.736742001 32.0864190031
451 118.736833 32.0868149996
452 118.737445999 32.0892249998
453 118.737402001 32.0921380036
454 118.737451001 32.0932000019
455 118.737455997 32.0932220034
456 118.737499002 32.0939959977
457 118.737625998 32.0954330005
458 118.739498 32.0975580029
459 118.744003001 32.0991210043
460 118.748527999 32.0983980019
461 118.752353003 32.0996180046
462 118.756115998 32.1017650012
463 118.761102998 32.1024640016
464 118.763168002 32.1024480015
465 118.762275999 32.1015559994
466 118.762299 32.1015600022
467 118.762322001 32.1015510019
468 118.762295003 32.1015729979
469 118.762301997 32.1015620008
470 118.762299 32.1015629992
471 118.762315 32.1015520021
472 118.762333998 32.1015380006
473 118.762320002 32.1015420035
474 118.761885998 32.1013090014
475 118.761262001 32.1010970008
476 118.761205001 32.1011050008
477 118.761207999 32.1011270024
478 118.761190999 32.1011280026
479 118.761150999 32.1011300012
480 118.760922999 32.1011300012
481 118.760963999 32.1011380013
482 118.761001001 32.1011580043
483 118.761024002 32.1011510026
484 118.761008002 32.1011530012
485 118.760975003 32.1011680029
486 118.760955998 32.1011350024
487 118.760965997 32.1011340041
488 118.760964998 32.1011360027
489 118.760971999 32.1011430025
490 118.760975003 32.1011590026
491 118.76097 32.1011520028
492 118.760965997 32.1011389997
493 118.760957997 32.1011440028
494 118.760942003 32.1011500042
495 118.760939998 32.101148
496 118.760945001 32.1011350024
497 118.760944001 32.101126004
498 118.760932997 32.101126004
499 118.760938 32.1011270024
500 118.760992002 32.1011149995
501 118.760991003 32.1011110023
502 118.761004998 32.1011020038
503 118.760979999 32.101098001
504 118.761009001 32.1010989994
505 118.760995999 32.1011089981
506 118.760957997 32.1011300012
507 118.760938999 32.1011460014
508 118.760938999 32.1011239998
509 118.760913 32.1011180039
510 118.760937 32.1011389997
511 118.760950003 32.1011510026
512 118.760962999 32.1011489984
513 118.760956998 32.1011110023
514 118.760950003 32.101100998
515 118.760946 32.1011159997
516 118.760964998 32.1011229996
517 118.760985001 32.1011360027
518 118.760973997 32.1011350024
519 118.760995 32.1011220012
520 118.760995 32.1010839976
521 118.760962999 32.1010829993
522 118.760955998 32.101098001
523 118.760950003 32.1010950021
524 118.760951002 32.1011100039
525 118.760947998 32.1011440028
526 118.760913 32.1011440028
527 118.760923998 32.101126004
528 118.760981997 32.1011110023
529 118.760973997 32.1011120025
530 118.761033002 32.1010989994
531 118.761035 32.1010950021
532 118.761019999 32.1011030022
533 118.760997998 32.1011309996
534 118.760984002 32.1011380013
535 118.760972998 32.1011340041
536 118.760970999 32.1011140011
537 118.760989997 32.1011030022
538 118.760977001 32.1010970008
539 118.760953001 32.1011069994
540 118.760957997 32.1011239998
541 118.760972998 32.1011280026
542 118.761003999 32.1011210009
543 118.760962999 32.1011169981
544 118.760480001 32.1014680043
545 118.760878002 32.1023799982
546 118.762722 32.1034430023
547 118.764589999 32.1022350024
548 118.764611001 32.1022239998
549 118.764618002 32.1022340041
550 118.764614998 32.1022300012
551 118.764618002 32.1022249982
552 118.764615998 32.1022530012
553 118.764611001 32.1022610012
554 118.764604001 32.1022569984
555 118.764607998 32.1022540014
556 118.764598998 32.1022460014
557 118.764599997 32.1022510026
558 118.764610002 32.1022590026
559 118.764613 32.1022540014
560 118.764610002 32.1022549998
561 118.764611001 32.1022549998
562 118.764606998 32.1022530012
563 118.764609003 32.1022469997
564 118.764609003 32.1022489984
565 118.764619001 32.1022600029
566 118.764614998 32.1022590026
567 118.764613 32.1022600029
568 118.764618002 32.1022629999
569 118.765035001 32.1023229975
570 118.766754001 32.1026069988
571 118.767556998 32.1029899996
572 118.767552002 32.1029390004
573 118.767527002 32.1028730012
574 118.767512001 32.1028499994
575 118.767512001 32.1028499994
576 118.767506 32.1028330009
577 118.767506 32.1028310023
578 118.767513001 32.1028279979
579 118.767503002 32.1028150022
580 118.767507998 32.1028070021
581 118.767521001 32.102814002
582 118.767539999 32.1028250009
583 118.767540998 32.1028310023
584 118.767539999 32.1028259993
585 118.767535002 32.1028230023
586 118.767539999 32.1028070021
587 118.767522999 32.1028529983
588 118.767552002 32.1028179992
589 118.767549997 32.1028160006
590 118.767536002 32.1028560027
591 118.767528002 32.1028560027
592 118.767516998 32.102841001
593 118.767514 32.1028150022
594 118.767515998 32.1028050035
595 118.767528002 32.1028039977
596 118.767531999 32.1028060019
597 118.767529001 32.1028080005
598 118.767532998 32.1028179992
599 118.767508998 32.1028080005
600 118.767504001 32.1028170008
601 118.767500997 32.1028080005
602 118.767492997 32.1028060019
603 118.767535002 32.1028289981
604 118.767516998 32.102838004
605 118.767554 32.1028359979
606 118.767553001 32.1028240006
607 118.767532998 32.1028000005
608 118.767532998 32.1027920004
609 118.767519002 32.1028070021
610 118.767532998 32.1028460041
611 118.767539999 32.1028269995
612 118.767516998 32.1027990021
613 118.767522 32.1028320007
614 118.767510003 32.1027970035
615 118.767519002 32.102843998
616 118.767555999 32.1028460041
617 118.767516998 32.1028769985
618 118.767518003 32.1028640028
619 118.767515998 32.1028640028
620 118.767510003 32.1028490011
621 118.767513001 32.1028499994
622 118.767520002 32.1028529983
623 118.767529001 32.1028579995
624 118.767551003 32.102838004
625 118.767541997 32.1028170008
626 118.767522999 32.1028630026
627 118.767520002 32.1028960031
628 118.767530999 32.1028310023
629 118.767503002 32.1028050035
630 118.767529001 32.1028269995
631 118.767515998 32.1028320007
632 118.767507998 32.1028150022
633 118.767549997 32.1028359979
634 118.767519002 32.1028240006
635 118.767538999 32.102841001
636 118.767516998 32.1028490011
637 118.767514 32.1028349996
638 118.767535002 32.1028630026
639 118.767533997 32.1028630026
640 118.767531999 32.1028800029
641 118.767536002 32.1028740015
642 118.767531999 32.1028759982
643 118.767543003 32.1028460041
644 118.767541997 32.1028390024
645 118.767518003 32.1028460041
646 118.767533997 32.1028359979
647 118.767541997 32.1028660014
648 118.767510003 32.102841001
649 118.767528002 32.1028449982
650 118.767495002 32.102838004
651 118.767516998 32.1028240006
652 118.767536002 32.102838004
653 118.767520002 32.1028679982
654 118.767513001 32.1028820015
655 118.767537001 32.1028509997
656 118.767544002 32.1028660014
657 118.767553001 32.1028810013
658 118.767552002 32.102843998
659 118.767538999 32.1028449982
660 118.767537001 32.1028460041
661 118.767508998 32.102838004
662 118.767527002 32.1028890014
663 118.767557997 32.1028730012
664 118.767555 32.1028589997
665 118.767547 32.1028820015
666 118.767571 32.1028829999
667 118.767552002 32.1029150002
668 118.767533997 32.102899
669 118.767515998 32.1029060017
670 118.767532998 32.1028470024
671 118.767507998 32.1028339993
672 118.767529001 32.1028540041
673 118.767539999 32.1028470024
674 118.767543003 32.1028449982
675 118.767538 32.1028419994
676 118.767531999 32.1028400008
677 118.767555999 32.1028820015
678 118.767560002 32.1028630026
679 118.767571 32.1028650012
680 118.767563999 32.1028630026
681 118.767561001 32.1028630026
682 118.767570001 32.1028630026
683 118.767579 32.1028609984
684 118.767572998 32.1028609984
685 118.767575003 32.1028570011
686 118.767572998 32.1028679982
687 118.767584002 32.1028759982
688 118.767612 32.1028949972
689 118.767606997 32.1028820015
690 118.767579999 32.1028570011
691 118.767577002 32.1028550025
692 118.767580999 32.1028630026
693 118.767600003 32.1028650012
694 118.767588999 32.1028800029
695 118.767601002 32.1028400008
696 118.767577002 32.1028390024
697 118.767575003 32.1028449982
698 118.767564998 32.1028359979
699 118.767577002 32.1028720029
700 118.767596 32.1028499994
701 118.767600003 32.1028560027
702 118.767586001 32.1028540041
703 118.767596999 32.1028769985
704 118.767589998 32.1028810013
705 118.767587 32.1028730012
706 118.767580999 32.1028720029
707 118.767585002 32.1028740015
708 118.767584002 32.1028579995
709 118.767576002 32.1028740015
710 118.767584002 32.1028560027
711 118.767562001 32.1028730012
712 118.767549997 32.1028369982
713 118.767567003 32.102838004
714 118.767552002 32.1028250009
715 118.767553001 32.1028119978
716 118.767533997 32.1027799975
717 118.767490999 32.1027789991
718 118.767503002 32.1027630046
719 118.76753 32.1028050035
720 118.767527002 32.1028080005
721 118.767527002 32.1028369982
722 118.767547999 32.1028310023
723 118.767549997 32.1028130036
724 118.767506999 32.1028189994
725 118.76753 32.1027970035
726 118.767545001 32.1028029993
727 118.767562001 32.1028640028
728 118.767585002 32.1028369982
729 118.767572998 32.1028509997
730 118.767562001 32.1028330009
731 118.767586001 32.1028499994
732 118.767575003 32.1028550025
733 118.767575003 32.1028560027
734 118.767605998 32.102838004
735 118.767548998 32.1028300039
736 118.767551003 32.1028039977
737 118.767579999 32.1028269995
738 118.767553001 32.1028560027
739 118.767547999 32.1028620042
740 118.767538 32.1028499994
741 118.767522999 32.1027719975
742 118.767494003 32.1028470024
743 118.767510003 32.1028449982
744 118.767522 32.1027459987
745 118.767500997 32.1028050035
746 118.767457999 32.102822002
747 118.767467998 32.1027699988
748 118.76749 32.1027799975
749 118.767513001 32.1027959976
750 118.767496001 32.1028130036
751 118.767520002 32.1027750019
752 118.767538 32.102785999
753 118.767514 32.1028000005
754 118.767462002 32.1027750019
755 118.767502003 32.1027279999
756 118.767484997 32.1028000005
757 118.767528002 32.1027970035
758 118.767586001 32.1027840003
759 118.767541997 32.1028310023
760 118.767543003 32.1028150022
761 118.767537001 32.1028250009
762 118.767547999 32.1028310023
763 118.767556998 32.1028230023
764 118.767560002 32.1028070021
765 118.767544002 32.1028310023
766 118.767533997 32.1028259993
767 118.767544002 32.102838004
768 118.767548998 32.1028300039
769 118.767531999 32.1028839983
770 118.767540998 32.1029210016
771 118.767537001 32.1029400006
772 118.767544002 32.102938002
773 118.767555 32.102891
774 118.767559003 32.1028920002
775 118.767568002 32.1028470024
776 118.767561001 32.1028289981
777 118.767539999 32.1028470024
778 118.767543003 32.1028529983
779 118.767555999 32.1028359979
780 118.767551003 32.1028480027
781 118.767547999 32.1028429996
782 118.767506999 32.1028599981
783 118.767508998 32.1028320007
784 118.767505001 32.1028179992
785 118.767510003 32.1028230023
786 118.767522999 32.102838004
787 118.767535002 32.102822002
788 118.767552002 32.1028480027
789 118.767552002 32.1028480027
790 118.767551003 32.1028470024
791 118.767548998 32.1028589997
792 118.767545001 32.1028810013
793 118.767532998 32.1028890014
794 118.767527002 32.102891
795 118.767514999 32.1028839983
796 118.767504001 32.1028669998
797 118.767503002 32.1028460041
798 118.767502003 32.1028429996
799 118.767506 32.1028339993
800 118.767516998 32.1028349996
801 118.767525997 32.1028679982
802 118.767514999 32.1028749999
803 118.767500997 32.1028940044
804 118.767491998 32.1028740015
805 118.767464001 32.1029169988
806 118.767522999 32.1028550025
807 118.76753 32.1028529983
808 118.767533997 32.1028560027
809 118.767544002 32.102838004
810 118.767520002 32.1028369982
811 118.767487002 32.1028490011
812 118.767483998 32.1028570011
813 118.767466998 32.1028650012
814 118.767447001 32.1028570011
815 118.767498 32.1028230023
816 118.767520002 32.1028130036
817 118.767419997 32.1029280033
818 118.767445003 32.1029200032
819 118.767442998 32.1029100046
820 118.767441999 32.1029649992
821 118.767484997 32.1029070001
822 118.767518003 32.1029429976
823 118.767520002 32.1028849985
824 118.767506999 32.1028870028
825 118.767499998 32.1028780043
826 118.76749 32.1028669998
827 118.767481 32.1028589997
828 118.767481 32.1028470024
829 118.767479002 32.1028359979
830 118.767476997 32.102843998
831 118.767464001 32.1028529983
832 118.767503002 32.102843998
833 118.767510003 32.1028630026
834 118.767508998 32.1028820015
835 118.767511002 32.1028519981
836 118.767508998 32.1028540041
837 118.767503002 32.1028780043
838 118.767519002 32.1028660014
839 118.767528002 32.1028790027
840 118.767529001 32.1029120032
841 118.767525997 32.1028980017
842 118.767502003 32.1028900016
843 118.767492997 32.1028780043
844 118.767478002 32.1028710026
845 118.767439001 32.1028550025
846 118.767450998 32.102843998
847 118.767441999 32.1028550025
848 118.767451998 32.1028330009
849 118.767466998 32.1028269995
850 118.767470002 32.1028279979
851 118.767471002 32.1028029993
852 118.767473999 32.1028609984
853 118.767451998 32.1028480027
854 118.767454002 32.1028339993
855 118.767474999 32.1028269995
856 118.767490999 32.1028289981
857 118.767505001 32.1028289981
858 118.767525997 32.1028300039
859 118.767548998 32.1028310023
860 118.767576002 32.102841001
861 118.767572998 32.102838004
862 118.767520002 32.1028369982
863 118.767524998 32.1028109994
864 118.767533997 32.1028109994
865 118.767547 32.1028369982
866 118.767589998 32.1027630046
867 118.767588999 32.1027650032
868 118.767563999 32.1027869992
869 118.767538999 32.1028230023
870 118.767514 32.1028189994
871 118.767496001 32.1028289981
872 118.767507998 32.1028320007
873 118.767496001 32.102822002
874 118.767497 32.1028240006
875 118.767498999 32.102841001
876 118.767502003 32.1028499994
877 118.767402998 32.1028710026
878 118.766712002 32.1026290003
879 118.765599999 32.1022300012
880 118.764798002 32.1022089981
881 118.764109998 32.1027310044
882 118.764043999 32.1050929986
883 118.763825997 32.1049510017
884 118.762091003 32.1030870005
885 118.760446002 32.1024000011
886 118.75983 32.1022340041
887 118.757278001 32.1019920018
888 118.757338998 32.1019780003
889 118.756701999 32.1019069981
890 118.756651999 32.1019219998
891 118.756652999 32.1019479986
892 118.756200002 32.1019680016
893 118.755926 32.1019510031
894 118.755853 32.1019629985
895 118.755842002 32.1019860003
896 118.755763999 32.1019579973
897 118.755700998 32.1019490045
898 118.755599001 32.1019219998
899 118.755576999 32.1019299999
900 118.755486999 32.101919001
901 118.755454 32.1018889993
902 118.755464997 32.1019629985
903 118.755469001 32.1019629985
904 118.755462999 32.1019219998
905 118.754738998 32.1018339992
906 118.750613 32.1016850006
907 118.748548002 32.0987590011
908 118.748607001 32.098745998
909 118.749268 32.0980160013
910 118.751686002 32.0980170015
911 118.751984998 32.0973470025
912 118.752186 32.0968820024
913 118.752156997 32.0968020018
914 118.752416998 32.0962259993
915 118.753196999 32.0946459994
916 118.752334998 32.0933439974
917 118.752216002 32.0932519995
918 118.751827 32.0930600017
919 118.750055003 32.0922870021
920 118.749343998 32.0915499981
921 118.748861 32.0896990001
922 118.748241 32.0890229996
923 118.747244003 32.0886590034
924 118.745921998 32.0883130003
925 118.745822 32.0876889974
926 118.746115999 32.0869699977
927 118.746123 32.085715998
928 118.744951998 32.0849409979
929 118.744450002 32.0833529979
930 118.744043001 32.0821790043
931 118.743929001 32.0816690009
932 118.743882 32.0818960033
933 118.743956999 32.0819400009
934 118.744218998 32.0825529993
935 118.746075998 32.0853899978
936 118.745966002 32.0858929995
937 118.746044997 32.0868590027
938 118.745795001 32.0878309999
939 118.745879999 32.0881909989
940 118.747474001 32.0878220014
941 118.748542001 32.0865939986
942 118.748391997 32.0837099981
943 118.748299 32.0805020034
944 118.749015001 32.0760550015
945 118.752259 32.0717850011
946 118.751012 32.0675259996
947 118.750588 32.0630849991
948 118.750775001 32.0592760015
949 118.751230002 32.0561210029
950 118.751494999 32.0545769986
951 118.751848003 32.0530480035
952 118.752524003 32.0516640022
953 118.754757003 32.0496820044
954 118.757279999 32.0475019999
955 118.759761002 32.0453580003
956 118.761606999 32.0423770007
957 118.763153001 32.0393700004
958 118.763995998 32.036150001
959 118.764400001 32.0321769975
960 118.763782 32.0278690029
961 118.763050998 32.0236310028
962 118.762752002 32.0216850005
963 118.761431003 32.0179389995
964 118.760132998 32.0146690011
965 118.761077999 32.012589002
966 118.762914003 32.0116990041
967 118.765190001 32.0109670032
968 118.767457 32.010311
969 118.770422001 32.0094610024
970 118.772737999 32.0088000018
971 118.774995999 32.0081750005
972 118.778117998 32.0077439994
973 118.780821 32.0076229982
974 118.783765998 32.0074080024
975 118.786825001 32.0071610026
976 118.789817 32.006779002
977 118.790485001 32.0061559994
978 118.790718003 32.0052829999
979 118.790874002 32.0033699982
980 118.788064001 31.9975119978
981 118.790414998 31.9939700011
982 118.793730999 31.9891819991
983 118.797600999 31.9833389986
984 118.801563997 31.9790080022
985 118.804343003 31.9762399998
986 118.806574998 31.9733370021
987 118.808324999 31.9712260012
988 118.810378999 31.968973998
989 118.810543997 31.9686490037
990 118.811435001 31.9673860036
991 118.811566001 31.9675290007
992 118.811427001 31.9680310022
993 118.811739999 31.9691950027
994 118.814030998 31.9701320026
995 118.814068001 31.970107004
996 118.814295001 31.9701930005
997 118.816879001 31.9705110006
998 118.817141999 31.9689680021
999 118.817832001 31.9668359999
1000 118.823462002 31.9662220031
1001 118.827951003 31.9656940009
1002 118.82868 31.9625650011
1003 118.828707997 31.9623290002
1004 118.832392003 31.9619069993
1005 118.836704002 31.9618050028
1006 118.841244001 31.9625099991
1007 118.846514003 31.9624240026
1008 118.850045001 31.9626829978
1009 118.853653002 31.9595480021
1010 118.853653002 31.9595480021
1011 118.854251999 31.9582710005
1012 118.855152003 31.9562740009
1013 118.856139002 31.9543789979
1014 118.857945998 31.9510160033
1015 118.858192002 31.949857004
1016 118.858553001 31.9488119986
1017 118.858971998 31.9472270031
1018 118.858971998 31.9472309984
1019 118.859711999 31.9444609992
1020 118.859799001 31.9441189989
1021 118.860227997 31.9427029975
1022 118.860706999 31.9410219993
1023 118.860767002 31.9407890029
1024 118.863469998 31.9405060001
1025 118.867150001 31.9411150031
1026 118.871284998 31.9418199994
1027 118.871969998 31.9418350011
1028 118.871953998 31.9418539982
1029 118.873173 31.9422160015
1030 118.86588 31.9412249997
1031 118.86588 31.9412249997
1032 118.864785002 31.9410110004
1033 118.860903998 31.9406180028
1034 118.859911003 31.9442979991
1035 118.859263999 31.9467900004
1036 118.859279 31.9467600044
1037 118.858583003 31.9491900038
1038 118.858453002 31.9495920017
1039 118.857655002 31.9521149974
1040 118.855669999 31.9555810019
1041 118.855311999 31.9561990015
1042 118.855315003 31.9561889973
1043 118.854211 31.9586200025
1044 118.853604003 31.9599640016
1045 118.853385002 31.9611419979
1046 118.853205002 31.9626720008
1047 118.853216999 31.962677002
1048 118.851799999 31.9630600028
1049 118.847261998 31.9625679981
1050 118.846333997 31.9625749998
1051 118.842245002 31.9626109973
1052 118.839250998 31.9624719974
1053 118.839270003 31.9624699987
1054 118.839264001 31.9624690004
1055 118.837725 31.9621769991
1056 118.835958998 31.9617849998
1057 118.832593998 31.9619079996
1058 118.828690998 31.9626720008
1059 118.827118997 31.9659520034
1060 118.817508 31.9670360032
1061 118.813228001 31.9674590044
1062 118.810394 31.9690900035
1063 118.809758999 31.9702269994
1064 118.807587003 31.9728970025
1065 118.807404998 31.9731720034
1066 118.807391003 31.9731560033
1067 118.807322999 31.9724870045
1068 118.809481 31.9697959982
1069 118.810346998 31.968692001
1070 118.810429997 31.9686120003
1071 118.811892001 31.9691529982
1072 118.815834002 31.9704570044
1073 118.818499002 31.9706950039
1074 118.822455999 31.9709180016
1075 118.823814001 31.9740079995
1076 118.825053 31.9775590003
1077 118.826173997 31.9807229992
1078 118.826232002 31.9812859986
1079 118.826219 31.9812410027
1080 118.826211 31.9812420011
1081 118.826186 31.9812500011
1082 118.825886998 31.9803329986
1083 118.825681 31.9791519977
1084 118.825677003 31.9791150019
1085 118.825674998 31.9791189991
1086 118.825672001 31.9791230019
1087 118.825680001 31.9791320004
1088 118.825673 31.9791279975
1089 118.825674998 31.9791160002
1090 118.825673999 31.9791279975
1091 118.825666998 31.9791269992
1092 118.825663001 31.9791710023
1093 118.824435999 31.9761679992
1094 118.823659001 31.9735929985
1095 118.824415002 31.9757170007
1096 118.824303001 31.9757220037
1097 118.824279 31.9757029992
1098 118.824264999 31.9757250007
1099 118.824310001 31.9757199995
1100 118.824274997 31.9757029992
1101 118.824335001 31.9756949991
1102 118.824296 31.9756889977
1103 118.824290997 31.975626003
1104 118.823156998 31.9723700006
1105 118.821224999 31.9708180018
1106 118.818209999 31.970614003
1107 118.817015003 31.9698430002
1108 118.817084999 31.9677150007
1109 118.815015999 31.9672490023
1110 118.810987001 31.9682290014
1111 118.810884998 31.9684749991
1112 118.810669001 31.968874
1113 118.807701003 31.9727410022
1114 118.805153001 31.9756910019
1115 118.801975001 31.9788079988
1116 118.798416998 31.9825720005
1117 118.795318999 31.9873549994
1118 118.795328998 31.9873559996
1119 118.794916002 31.9876429979
1120 118.794077002 31.987351004
1121 118.793120998 31.9865860026
1122 118.788454002 31.9834010024
1123 118.785917997 31.9848920014
1124 118.784429002 31.9876710009
1125 118.780740999 31.9863650035
1126 118.779663001 31.9857640024
1127 118.783141002 31.9872700032
1128 118.784026997 31.9876460023
1129 118.785061997 31.9881030023
1130 118.787334998 31.9891870022
1131 118.787280002 31.9891620018
1132 118.784770002 31.9880499989
1133 118.784763002 31.988065999
1134 118.783845999 31.9876579996
1135 118.777656002 31.9850300029
1136 118.777626001 31.9850269984
1137 118.776399997 31.9845160022
1138 118.771619001 31.9834630042
1139 118.769491002 31.9845679998
1140 118.769539003 31.9889180008
1141 118.769535999 31.9904650021
1142 118.769526 31.9909300022
1143 118.769496998 31.994907001
1144 118.769462999 31.9951959997
1145 118.768956999 31.9955389984
1146 118.767585002 31.9958649985
1147 118.765199 31.9966100026
1148 118.760888001 31.9983460009
1149 118.762741997 32.0010559987
1150 118.764370998 32.0031739995
1151 118.764438003 32.0032610018
1152 118.765777001 32.0047139991
1153 118.765755998 32.0047510024
1154 118.765851 32.0051199999
1155 118.766715 32.0060530026
1156 118.766753002 32.0060929973
1157 118.766753002 32.0060929973
1158 118.768948 32.0075610019
1159 118.768798003 32.0079130009
1160 118.768709002 32.0078820009
1161 118.766855998 32.0065479986
1162 118.764473001 32.0040779989
1163 118.764642003 32.0039639995
1164 118.764508998 32.0039590038
1165 118.763122 32.0019650012
1166 118.762565002 32.0011299979
1167 118.760802997 31.9982109983
1168 118.763439 31.9971340001
1169 118.765618997 31.9963650033
1170 118.766982002 31.9959880039
1171 118.76903 31.9953630026
1172 118.769313001 31.9924690034
1173 118.769299 31.9921330046
1174 118.769365998 31.9913190044
1175 118.769353002 31.991208002
1176 118.771725001 31.9903870001
1177 118.775354999 31.9906950016
1178 118.775317003 31.9907070044
1179 118.775364997 31.990701003
1180 118.779209998 31.9908869974
1181 118.784134003 31.9917190038
1182 118.788160002 31.9931739997
1183 118.790676997 31.9943090044
1184 118.791228999 31.996824
1185 118.794348999 31.997924
1186 118.796679999 31.9988750014
1187 118.798789 31.9978330024
1188 118.798786003 31.9978400022
1189 118.798792997 31.9978340007
1190 118.798798999 31.9978340007
1191 118.798786003 31.9978289977
1192 118.798782999 31.9978359994
1193 118.798784997 31.9978320021
1194 118.798784997 31.9978260007
1195 118.798786003 31.9978230037
1196 118.798784997 31.9978289977
1197 118.798788001 31.9978289977
1198 118.798792997 31.9978340007
1199 118.798795002 31.9978330024
1200 118.798798 31.9978330024
1201 118.798796001 31.9978310037
1202 118.798828002 31.9978320021
1203 118.799491999 31.9976720009
1204 118.799312999 31.9977360014
1205 118.796950998 31.9988440014
1206 118.794218 32.0000510011
1207 118.792721997 32.0007580016
1208 118.790008997 32.0012150016
1209 118.788246998 32.0033570025
1210 118.787257001 32.0054579973
1211 118.786902998 32.0068319999
1212 118.784488999 32.0075419992
1213 118.779311002 32.0079270042
1214 118.774503002 32.0085669998
1215 118.770959001 32.0095639974
1216 118.770025998 32.0098990034
1217 118.766936999 32.0108020045
1218 118.762352003 32.0121420026
1219 118.760975003 32.0159199983
1220 118.762541001 32.020158004
1221 118.761538002 32.0214839987
1222 118.759701998 32.021540001
1223 118.756091998 32.0223910045
1224 118.754590999 32.0244909991
1225 118.750741002 32.0262400024
1226 118.746017999 32.028394999
1227 118.744449003 32.0304390006
1228 118.745997003 32.0337860007
1229 118.746486003 32.0351490006
1230 118.747802 32.0357369985
1231 118.750937001 32.0351630021
1232 118.751997001 32.0375730041
1233 118.752516003 32.0392550007
1234 118.752475003 32.0392130017
1235 118.751860999 32.0395979993
1236 118.748592 32.0401990023
1237 118.748575001 32.0422549993
1238 118.748206002 32.0436109975
1239 118.746767999 32.0434680004
1240 118.743666003 32.0429680031
1241 118.742743998 32.0429040026
1242 118.740676003 32.0429329984
1243 118.738414 32.0432849973
1244 118.738414 32.0432849973
1245 118.738530998 32.0467110015
1246 118.740440002 32.0483759996
1247 118.742482998 32.0483010001
1248 118.745236998 32.048177002
1249 118.748520998 32.0480499994
1250 118.752007999 32.0489889979
1251 118.753525997 32.0502160005
1252 118.753531999 32.0501910001
1253 118.753520002 32.0501849987
1254 118.752855998 32.0516020004
1255 118.751474002 32.0557919983
1256 118.7508 32.0606309995
1257 118.750748003 32.0646189973
1258 118.750850999 32.0662389994
1259 118.752021001 32.0701970011
1260 118.753027998 32.0732460003
1261 118.757990998 32.0737320017
1262 118.752476002 32.073431002
1263 118.750425 32.0748310033
1264 118.749491997 32.0758379996
1265 118.749030002 32.0779069997
1266 118.748940002 32.078017002
1267 118.750882 32.0798100028
1268 118.754133 32.0819189977
1269 118.754125999 32.0819140021
1270 118.754119998 32.0819070004
1271 118.755815997 32.0833250005
1272 118.756328997 32.0837529972
1273 118.756332001 32.0837500002
1274 118.757043999 32.0843219981
1275 118.758870998 32.0858869981
1276 118.767569001 32.1028519981
1277 118.767576002 32.1028480027
1278 118.767595 32.1028339993
1279 118.767596 32.1028240006
1280 118.767603 32.1028560027
1281 118.767624003 32.1028740015
1282 118.767653 32.1028870028
1283 118.767662998 32.1028749999
1284 118.767671998 32.1028679982
1285 118.767666002 32.1028589997
1286 118.767627001 32.1028700043
1287 118.767609002 32.1028759982
1288 118.767544002 32.1028759982
1289 118.767496001 32.1028849985
1290 118.767514 32.1028839983
1291 118.767543003 32.1028730012
1292 118.767553001 32.1029000003
1293 118.767546 32.1029100046
1294 118.767563 32.1028860044
1295 118.767586001 32.1028630026
1296 118.767601002 32.1028630026
1297 118.767564998 32.1029020045
1298 118.767579999 32.1028900016
1299 118.767597998 32.1029000003
1300 118.767602001 32.1029050015
1301 118.767612999 32.1029029973
1302 118.767622998 32.1028940044
1303 118.767625002 32.1028769985
1304 118.767619001 32.1028570011
1305 118.767612 32.1028320007
1306 118.767625002 32.1028480027
1307 118.767589998 32.1029300019
1308 118.767588999 32.102948999
1309 118.767590997 32.1029440034
1310 118.767598997 32.1029540021
1311 118.767608003 32.1029499993
1312 118.767610001 32.1029390004
1313 118.767588999 32.102948999
1314 118.767564998 32.1029550005
1315 118.767553001 32.1029920038
1316 118.767544002 32.1030180026
1317 118.767538 32.1030170042
1318 118.767530999 32.1029419992
1319 118.767540998 32.1028839983
1320 118.767544002 32.1028650012
1321 118.767533997 32.1028920002
1322 118.767545001 32.1029969994
1323 118.767562001 32.1029840037
1324 118.767579 32.1029659994
1325 118.767585002 32.1029620022
1326 118.767571 32.1029800009
1327 118.767560002 32.102977002
1328 118.767556998 32.1029630005
1329 118.767563 32.1029429976
1330 118.767575003 32.1029259991
1331 118.767569001 32.1029150002
1332 118.767578001 32.1029669978
1333 118.767584002 32.1029700022
1334 118.767582997 32.1030239984
1335 118.766235 32.1025300026
1336 118.764798002 32.1022140011
1337 118.765159 32.1017949972
1338 118.763945 32.1028870028
1339 118.763132998 32.1040070001
1340 118.764960002 32.1063139997
1341 118.767129001 32.1090270001
1342 118.770346003 32.1116300039
1343 118.774024001 32.1130709983
1344 118.781587999 32.1153519992
1345 118.781568002 32.1153429989
1346 118.783936998 32.1159969978
1347 118.788968002 32.1157800015
1348 118.791973003 32.115766
1349 118.793939001 32.1161690038
1350 118.795262999 32.1164009999
1351 118.798533003 32.1170750018
1352 118.802018998 32.1177239995
1353 118.806654999 32.1186599992
1354 118.812253998 32.1189270001
1355 118.817207999 32.1189730037
1356 118.822892002 32.1197350007
1357 118.823011997 32.1197790038
1358 118.824602002 32.1202760041
1359 118.827980999 32.1212370042
1360 118.829527999 32.1215890031
1361 118.832221003 32.1217520032
1362 118.834010999 32.1217349973
1363 118.834495002 32.1217950005
1364 118.835012 32.1218680013
1365 118.835438997 32.1220480017
1366 118.836742997 32.1236870009
1367 118.837117997 32.1254159994
1368 118.836862999 32.1259049997
1369 118.836765998 32.125926001
1370 118.836739999 32.1259160023
1371 118.836284998 32.1259879973
1372 118.836981002 32.1248390041
1373 118.835857002 32.1226100009
1374 118.834564 32.1215080023
1375 118.834812003 32.1215219982
1376 118.834825999 32.1215299983
1377 118.834824999 32.1215310041
1378 118.834908997 32.1215790045
1379 118.837058998 32.1218459997
1380 118.841703998 32.1235649996
1381 118.846526999 32.1263939999
1382 118.851072001 32.1278099995
1383 118.855660001 32.1240479983
1384 118.858123998 32.1205250006
1385 118.858576002 32.1195220016
1386 118.858815 32.1190770045
1387 118.858897999 32.1189020015
1388 118.860527998 32.1191460025
1389 118.863065002 32.1178049985
1390 118.866550998 32.1161880009
1391 118.866801 32.1159900036
1392 118.866825999 32.1159930006
1393 118.867322 32.1155700013
1394 118.868348001 32.1124089994
1395 118.869172 32.1100399978
1396 118.872854001 32.1069520041
1397 118.876457 32.1066960003
1398 118.876938999 32.1067389995
1399 118.877091001 32.1067430023
1400 118.880433001 32.1070309989
1401 118.883962 32.106928004
1402 118.884458001 32.1069269981
1403 118.88252 32.107338002
1404 118.877787998 32.1070030034
1405 118.873599998 32.1069880016
1406 118.869775 32.1094119996
1407 118.869856 32.1121599972
1408 118.872998003 32.1142410003
1409 118.875153 32.1153950039
1410 118.875488999 32.1157009993
1411 118.875529999 32.1157570016
1412 118.874951998 32.1164340004
1413 118.874891001 32.1164050046
1414 118.87486 32.1164129972
1415 118.876331003 32.1160699986
1416 118.876882998 32.117633
1417 118.875195998 32.1197670009
1418 118.872651 32.1187479999
1419 118.872446001 32.1185819972
1420 118.872214997 32.1184360031
1421 118.869022002 32.1165810004
1422 118.867659997 32.1159040015
1423 118.867677003 32.1159069985
1424 118.867681 32.1158969998
1425 118.866646999 32.1161899995
1426 118.862840999 32.1180050019
1427 118.859010999 32.1187070012
1428 118.854691 32.1157029979
1429 118.850727003 32.1126190014
1430 118.848083999 32.1106269974
1431 118.846796998 32.1102919988
1432 118.845094998 32.1096200012
1433 118.844404002 32.1090680007
1434 118.843364 32.1094509996
1435 118.841073001 32.1074639987
1436 118.838398003 32.1059470009
1437 118.836497997 32.1080880016
1438 118.832925 32.1071240027
1439 118.829447998 32.1071920022
1440 118.829464998 32.1071850006
1441 118.829464998 32.1071920022
1442 118.829456998 32.1071949992
1443 118.825825002 32.1066750046
1444 118.821923001 32.1059959996
1445 118.821689999 32.1059559993
1446 118.818290999 32.1055790018
1447 118.814294002 32.1058710013
1448 118.814267997 32.1058690026
1449 118.812257002 32.1058060024
1450 118.808946997 32.1050070021
1451 118.805215003 32.1046880037
1452 118.805181997 32.1046939977
1453 118.805165997 32.1047130022
1454 118.805189997 32.1046970021
1455 118.804592 32.1043630019
1456 118.804573002 32.1043300033
1457 118.804592999 32.104253998
1458 118.804258999 32.1018870007
1459 118.804161998 32.1011469997
1460 118.804018002 32.1000600029
1461 118.802897 32.0991759989
1462 118.800441002 32.1006790027
1463 118.799302001 32.1013890021
1464 118.798554999 32.1012500022
1465 118.797003001 32.1000670027
1466 118.796280999 32.0994340014
1467 118.795058999 32.0985720009
1468 118.795054002 32.0985829979
1469 118.794889997 32.0985009987
1470 118.792229 32.0975469984
1471 118.789200998 32.0970760044
1472 118.785882999 32.0969010014
1473 118.782823002 32.0975889973
1474 118.780113999 32.0984269995
1475 118.779217998 32.0960300006
1476 118.779005998 32.0949069988
1477 118.778794998 32.0944250003
1478 118.778720998 32.0940589998
1479 118.778516998 32.0922850035
1480 118.778203002 32.0921230018
1481 118.778190998 32.0921310019
1482 118.776861 32.0922169983
1483 118.776831997 32.0922120027
1484 118.775746998 32.0922839977
1485 118.775437997 32.0923360009
1486 118.774598997 32.0923079979
1487 118.774543003 32.0902640037
1488 118.774575003 32.0896519981
1489 118.774579 32.0895500015
1490 118.774691002 32.0875259973
1491 118.774716001 32.0871760026
1492 118.774693 32.0871940013
1493 118.774828003 32.0857389998
1494 118.774866998 32.0857059993
1495 118.774951002 32.0844500009
1496 118.775030997 32.0835100021
1497 118.775101999 32.0821570028
1498 118.775236002 32.0804370027
1499 118.774075998 32.0797620025
1500 118.770596998 32.0795500018
1501 118.767051998 32.0795310047
1502 118.767051998 32.0795310047
1503 118.767051998 32.0795310047
1504 118.767051998 32.0795310047
1505 118.767051998 32.0795310047
1506 118.754817001 32.0734060016
1507 118.750638999 32.0731350034
1508 118.751750003 32.0736430008
1509 118.751540001 32.0690589976
1510 118.750624997 32.0645749997
1511 118.750759 32.0596629977
1512 118.751401002 32.055187
1513 118.752249001 32.0518360008
1514 118.752547997 32.0515510011
1515 118.753060997 32.0510630012
1516 118.753142997 32.0509560015
1517 118.753139 32.0509710032
1518 118.753144002 32.0509349983
1519 118.753467998 32.0504920017
1520 118.755733997 32.0501700044
1521 118.757777998 32.0503680017
1522 118.758427001 32.050144
1523 118.758418001 32.0501460042
1524 118.760025 32.049665004
1525 118.760301001 32.0495339986
1526 118.760426998 32.0495079998
1527 118.761435999 32.049455002
1528 118.762364 32.0497590005
1529 118.763348001 32.0501630027
1530 118.764240998 32.0507459994
1531 118.764283003 32.0507340021
1532 118.764839001 32.0518219993
1533 118.765909 32.0532249995
1534 118.765883001 32.053228002
1535 118.765862997 32.0532409996
1536 118.766459003 32.0534669999
1537 118.769117002 32.0528800003
1538 118.770534002 32.0525440015
1539 118.770618 32.0525170043
1540 118.770632002 32.0524370037
1541 118.770421002 32.053042002
1542 118.768745999 32.0565909985
1543 118.769097998 32.0603799988
1544 118.769242 32.0608939976
1545 118.771084999 32.0611190014
1546 118.774083998 32.0610649977
1547 118.776965001 32.0602079984
1548 118.778067 32.0605449975
1549 118.778053997 32.0605239999
1550 118.778591997 32.060332004
1551 118.778903002 32.0620060023
1552 118.778838002 32.0643370003
1553 118.778903002 32.064410001
1554 118.778841 32.0662660021
1555 118.778840001 32.0671250001
1556 118.778883998 32.0704999994
1557 118.778919003 32.0731639992
1558 118.778662 32.0755320024
1559 118.778721997 32.0781689994
1560 118.778773002 32.0786850024
1561 118.778887002 32.0805340037
1562 118.778909997 32.083349999
1563 118.778870003 32.0856610015
1564 118.778746997 32.0876510013
1565 118.778756003 32.0886680018
1566 118.778767 32.0886590034
1567 118.778776999 32.0892810002
1568 118.778864001 32.0905549992
1569 118.780502001 32.0919059999
1570 118.783076002 32.0920000039
1571 118.786328001 32.0901900046
1572 118.790078 32.0879890043
1573 118.792322997 32.0874179993
1574 118.791632002 32.0879309997
1575 118.791575002 32.0879600011
1576 118.791497999 32.0879740026
1577 118.789716003 32.0884029996
1578 118.788725 32.0887400042
1579 118.788304998 32.0890600011
1580 118.787476002 32.0896550026
1581 118.787461001 32.0896710027
1582 118.786665998 32.0902000032
1583 118.784477002 32.0914890021
1584 118.782317003 32.0923040006
1585 118.780354002 32.0921919998
1586 118.778970001 32.0921859983
1587 118.778825 32.0904050022
1588 118.778829003 32.0900220014
1589 118.778849 32.088761
1590 118.778856001 32.0845919978
1591 118.778876997 32.0836769994
1592 118.778851998 32.0824610014
1593 118.778816 32.0804030038
1594 118.778795997 32.080422001
1595 118.778776 32.0799090024
1596 118.778949998 32.0774910003
1597 118.778748002 32.0752800014
1598 118.778715003 32.073822001
1599 118.778770997 32.0727230012
1600 118.778776 32.0702500027
1601 118.778832001 32.0686440039
1602 118.778892998 32.0685279984
1603 118.778857999 32.0676550008
1604 118.778863002 32.0653000008
1605 118.778716002 32.0643510036
1606 118.779065003 32.0564230029
1607 118.778814002 32.0566770006
1608 118.778908998 32.0565909985
1609 118.778963 32.0563389976
1610 118.781173998 32.0562280025
1611 118.781294999 32.0560779981
1612 118.782207 32.0560720023
1613 118.782655999 32.0559459999
1614 118.783276998 32.0558010042
1615 118.783276998 32.0558010042
1616 118.784803002 32.0558460001
1617 118.785123001 32.0552510004
1618 118.784520001 32.0525860004
1619 118.784551002 32.0524130035
1620 118.784538999 32.0521630011
1621 118.784431999 32.0521950014
1622 118.784442997 32.0521590039
1623 118.784167002 32.0509580001
1624 118.783850002 32.0501700044
1625 118.783918 32.0501320027
1626 118.783836 32.0497019999
1627 118.783349998 32.0471640043
1628 118.783409003 32.0471420009
1629 118.783410002 32.0471279994
1630 118.783092002 32.0459350031
1631 118.783024997 32.045386998
1632 118.782994002 32.0451450013
1633 118.782993003 32.0450460035
1634 118.782988001 32.0450019985
1635 118.782974998 32.0449779984
1636 118.782916 32.0444840025
1637 118.782884998 32.0443790015
1638 118.782883999 32.0443780031
1639 118.782871003 32.0443900004
1640 118.782883999 32.0443669986
1641 118.782630999 32.0428720023
1642 118.782380997 32.0407909974
1643 118.782353999 32.0406720024
1644 118.782339998 32.0406429991
1645 118.782200998 32.0397219993
1646 118.780943 32.0396740045
1647 118.778916998 32.0405049976
1648 118.778568003 32.0430440009
1649 118.778480002 32.0429510027
1650 118.778384 32.0432540029
1651 118.778634002 32.0463990029
1652 118.778808999 32.048227001
1653 118.778794998 32.0511420034
1654 118.778759 32.0515889972
1655 118.778729998 32.0516199991
1656 118.778734001 32.052149998
1657 118.778789002 32.0550829992
1658 118.778931999 32.0576079991
1659 118.778829003 32.0595549997
1660 118.779103998 32.0603180025
1661 118.778560003 32.0614469983
1662 118.776329002 32.0633049998
1663 118.776176 32.0634790026
1664 118.775233998 32.064809002
1665 118.773786002 32.0674340017
1666 118.773683999 32.0675280038
1667 118.773770002 32.067505002
1668 118.773803001 32.0675280038
1669 118.772134999 32.0692289993
1670 118.771362998 32.0706399977
1671 118.771132 32.0708370041
1672 118.768800001 32.0708950032
1673 118.767898998 32.0709230006
1674 118.766045002 32.0721409973
1675 118.76533 32.0728520025
1676 118.765335002 32.0727940015
1677 118.765100001 32.0730550028
1678 118.763228 32.0745679978
1679 118.761728 32.0758709982
1680 118.761454997 32.0761089977
1681 118.761443 32.0761149991
1682 118.761432002 32.0761260036
1683 118.759771001 32.0775860026
1684 118.757626002 32.079349
1685 118.755193 32.0814270005
1686 118.752700999 32.0837340001
1687 118.752700999 32.0837340001
1688 118.753408 32.0829650015
1689 118.753766 32.0826230012
1690 118.753936001 32.0824430026
1691 118.755986997 32.0807849988
1692 118.758107002 32.0786690023
1693 118.760409998 32.0769529995
1694 118.760574997 32.0767509993
1695 118.760651001 32.0767130032
1696 118.761696999 32.0766879972
1697 118.765292997 32.0791959986
1698 118.767937 32.079322001
1699 118.771192997 32.0794340037
1700 118.773518001 32.0795150045
1701 118.775533999 32.0794549994
1702 118.775533999 32.0794549994
1703 118.775533999 32.0794549994
1704 118.775533999 32.0794549994
1705 118.775533999 32.0794549994
1706 118.801859002 32.078582
1707 118.804638002 32.0809670035
1708 118.808928998 32.0844800025
1709 118.814454998 32.0868040007
1710 118.815190002 32.0870220028
1711 118.816103002 32.0856589973
1712 118.816148998 32.0857539997
1713 118.816179 32.0856999978
1714 118.817174 32.0847119987
1715 118.818794001 32.0830649994
1716 118.819857997 32.0812300015
1717 118.819894001 32.0811960027
1718 118.821295001 32.0820969976
1719 118.823673003 32.082294004
1720 118.824571001 32.0822570007
1721 118.824598999 32.0822560024
1722 118.827205 32.0841070004
1723 118.828487997 32.0877950024
1724 118.828436 32.0879350025
1725 118.828156002 32.0897010043
1726 118.826795002 32.0940589998
1727 118.826550002 32.0956909973
1728 118.826604998 32.0971200019
1729 118.827703998 32.1006689984
1730 118.827735 32.1008059997
1731 118.827888001 32.1014400013
1732 118.828826 32.1044819988
1733 118.828957 32.1051400006
1734 118.828978002 32.1052659974
1735 118.827782001 32.1052470002
1736 118.826013002 32.1046980023
1737 118.823546999 32.1040720008
1738 118.823593001 32.1040840037
1739 118.822462999 32.1037100032
1740 118.821269003 32.1037370004
1741 118.820866998 32.1057699975
1742 118.816286999 32.1057099998
1743 118.812963997 32.1058460027
1744 118.810276003 32.1054160018
1745 118.808674999 32.1052040011
1746 118.807745 32.1063100025
1747 118.805978998 32.1077520028
1748 118.804075002 32.1060270015
1749 118.803589999 32.105605999
1750 118.803581999 32.1056799982
1751 118.803577003 32.1056010034
1752 118.801952999 32.1044210009
1753 118.799476998 32.1019690018
1754 118.796761 32.0998110007
1755 118.795027998 32.0985840037
1756 118.794970997 32.0985790007
1757 118.794788 32.0984700024
1758 118.791462001 32.0973300021
1759 118.790183001 32.0971089974
1760 118.787175002 32.0968280006
1761 118.785257997 32.096931003
1762 118.783804 32.0972479973
1763 118.782834 32.096873004
1764 118.781109997 32.0962710027
1765 118.780856998 32.0968849994
1766 118.780567001 32.0974829979
1767 118.780039999 32.0982830022
1768 118.779705999 32.099181002
1769 118.779349997 32.099950999
1770 118.778306997 32.1021919996
1771 118.777172998 32.1034869999
1772 118.775142999 32.1028890014
1773 118.775181001 32.1028740015
1774 118.775168998 32.1029300019
1775 118.775123001 32.1029520035
1776 118.775189001 32.1028609984
1777 118.775150999 32.1029000003
1778 118.775180002 32.1029339992
1779 118.775182 32.1029160004
1780 118.77422 32.103387
1781 118.771863002 32.1029390004
1782 118.768649997 32.1020590011
1783 118.768004998 32.1047380026
1784 118.765404999 32.105944002
1785 118.765007997 32.1061470024
1786 118.764989998 32.1061570011
1787 118.763894001 32.1051200032
1788 118.763016 32.1039970014
1789 118.762203998 32.1032179985
1790 118.761387998 32.1027020011
1791 118.762417003 32.1030860003
1792 118.763265002 32.1023699995
1793 118.763089 32.1019410044
1794 118.763079001 32.1019510031
1795 118.763092997 32.1019540001
1796 118.763088001 32.1019529998
1797 118.763091998 32.101946
1798 118.763091998 32.1019389983
1799 118.763098999 32.1019340027
1800 118.762813998 32.101788003
1801 118.762818002 32.1017829999
1802 118.762813998 32.1017790027
1803 118.762801002 32.1018009987
1804 118.762805998 32.1018000003
1805 118.762805998 32.1017970014
1806 118.762810001 32.1018000003
1807 118.762822998 32.1018029973
1808 118.762407997 32.1016129982
1809 118.762409003 32.1016049981
1810 118.762380999 32.1015930027
1811 118.762211998 32.1015210003
1812 118.762214002 32.1015160047
1813 118.762224001 32.1015069988
1814 118.762225 32.1014980003
1815 118.762249 32.101538999
1816 118.762297001 32.1015100032
1817 118.762176999 32.1016250029
1818 118.762166002 32.1016520001
1819 118.762152 32.1016750019
1820 118.762128 32.1016869992
1821 118.761961003 32.1015799996
1822 118.761198 32.1012120005
1823 118.761177997 32.1012159977
1824 118.761165001 32.1012330037
1825 118.761173001 32.1012670025
1826 118.761158999 32.1012779996
1827 118.761150999 32.101276001
1828 118.761130002 32.101255998
1829 118.761132001 32.1012449991
1830 118.761122002 32.1012459993
1831 118.761125999 32.1012539994
1832 118.761117 32.101247998
1833 118.761119998 32.1012399979
1834 118.761131002 32.1012319978
1835 118.761149 32.101226002
1836 118.761162003 32.1012280006
1837 118.761163002 32.101234002
1838 118.761155002 32.101255998
1839 118.761177997 32.1012459993
1840 118.761171002 32.1012360007
1841 118.761172001 32.1011850014
1842 118.761158 32.1011549998
1843 118.761134999 32.1012100019
1844 118.761136997 32.1011969987
1845 118.761127998 32.1012000032
1846 118.761159998 32.1012080032
1847 118.761192998 32.1011909973
1848 118.761175998 32.1012010016
1849 118.761239999 32.1012020018
1850 118.762439998 32.1017490011
1851 118.763025998 32.1026479993
1852 118.762678003 32.1029440034
1853 118.762673 32.1029419992
1854 118.762570997 32.1030079983
1855 118.762845 32.1036269981
1856 118.764727 32.1022200026
1857 118.765843 32.102384001
1858 118.767503002 32.1027949993
1859 118.767530999 32.1028740015
1860 118.767528002 32.1028689984
1861 118.76753 32.1028900016
1862 118.767525997 32.1028780043
1863 118.767525997 32.1028860044
1864 118.767523999 32.102891
1865 118.767528002 32.1029070001
1866 118.767530999 32.1029200032
1867 118.767529001 32.1029339992
1868 118.767525997 32.1029070001
1869 118.767538999 32.1028669998
1870 118.767543003 32.1028780043
1871 118.767545001 32.1028949972
1872 118.767545001 32.102899
1873 118.767541997 32.1029100046
1874 118.767529001 32.1029100046
1875 118.767521001 32.1029140018
1876 118.767535002 32.1029050015
1877 118.767515998 32.1028870028
1878 118.767521001 32.1028720029
1879 118.767521001 32.1028949972
1880 118.767529001 32.1029070001
1881 118.767524998 32.1029080003
1882 118.767522999 32.1029120032
1883 118.767522 32.1028960031
1884 118.767507998 32.1029009987
1885 118.767510003 32.1029009987
1886 118.767530999 32.1028860044
1887 118.767514999 32.1028820015
1888 118.767522999 32.1028810013
1889 118.767504001 32.1029290017
1890 118.767490999 32.1029189974
1891 118.767518003 32.1029220019
1892 118.767514999 32.1029160004
1893 118.767504001 32.1029109973
1894 118.767539999 32.1028679982
1895 118.767560002 32.1028730012
1896 118.767512001 32.1029249988
1897 118.767488001 32.1029320005
1898 118.767506 32.1029349975
1899 118.767554 32.1028870028
1900 118.767561001 32.1028689984
1901 118.767557997 32.1028589997
1902 118.767564998 32.1028640028
1903 118.767536002 32.102891
1904 118.767521001 32.1029200032
1905 118.767541997 32.1028749999
1906 118.767538 32.1028630026
1907 118.767502003 32.1028640028
1908 118.767543003 32.1028330009
1909 118.767545001 32.102838004
1910 118.767528002 32.1028669998
1911 118.767532998 32.1029180046
1912 118.767538999 32.1029180046
1913 118.767465999 32.1030149981
1914 118.767464001 32.1030129995
1915 118.767459998 32.1030110009
1916 118.767462002 32.103019001
1917 118.767461003 32.1030399986
1918 118.767466998 32.1030629985
1919 118.767478002 32.1030710004
1920 118.767474999 32.1030840017
1921 118.767473999 32.1030670032
1922 118.767481 32.1030309983
1923 118.767482999 32.1030170042
1924 118.767483998 32.1030200012
1925 118.767492997 32.1030319985
1926 118.767505001 32.1030250043
1927 118.767514 32.1030299999
1928 118.767521001 32.1030510031
1929 118.767498 32.1030889992
1930 118.767484997 32.103095999
1931 118.767480001 32.1030850019
1932 118.767475998 32.1030680016
1933 118.767475998 32.1030719988
1934 118.767463001 32.1030860003
1935 118.767449 32.1030950006
1936 118.767448 32.1030690018
1937 118.767456001 32.1030410044
1938 118.767449 32.1030499972
1939 118.767456001 32.103043003
1940 118.767465 32.1030239984
1941 118.767504001 32.1028480027
1942 118.767491998 32.1028710026
1943 118.767491998 32.1029100046
1944 118.767462002 32.1029000003
1945 118.767463001 32.1028890014
1946 118.767430002 32.1028860044
1947 118.767407001 32.102899
1948 118.767407001 32.1029320005
1949 118.767417999 32.1029579993
1950 118.767418998 32.1029400006
1951 118.767401998 32.1029200032
1952 118.767366001 32.1029180046
1953 118.767386997 32.1029790007
1954 118.767367 32.1029160004
1955 118.767370997 32.1029089987
1956 118.767386997 32.1029080003
1957 118.767419997 32.1029240005
1958 118.767442998 32.1029320005
1959 118.767467998 32.1029589977
1960 118.767465 32.1030059997
1961 118.767479002 32.1030450016
1962 118.767498999 32.1030530017
1963 118.767519002 32.102998998
1964 118.767528002 32.102988001
1965 118.767522999 32.102996001
1966 118.767543003 32.1029930022
1967 118.767556998 32.1030209996
1968 118.767547999 32.1030399986
1969 118.767538 32.1030610017
1970 118.767535002 32.1030579973
1971 118.767533997 32.1030600015
1972 118.767530999 32.1030710004
1973 118.767500997 32.1031190008
1974 118.767499998 32.1031180006
1975 118.767495002 32.1031199992
1976 118.767498 32.1031219978
1977 118.767470002 32.1030879989
1978 118.767489 32.1031090021
1979 118.767586001 32.1030360013
1980 118.767560002 32.1030410044
1981 118.767521001 32.1029860023
1982 118.767530999 32.1029840037
1983 118.767535002 32.1029829979
1984 118.767571999 32.1029600035
1985 118.767600003 32.1029370017
1986 118.767628 32.1029339992
1987 118.767634002 32.1029349975
1988 118.767639997 32.1029520035
1989 118.767587999 32.1029680036
1990 118.767563 32.1030159984
1991 118.767572998 32.1030330043
1992 118.767596 32.1030379999
1993 118.767597998 32.1029850021
1994 118.767597998 32.1029700022
1995 118.767601002 32.1029640008
1996 118.767568002 32.1029450018
1997 118.767556998 32.1028900016
1998 118.767585002 32.1029259991
1999 118.767579 32.102946002
2000 118.767564998 32.1029649992
2001 118.767557997 32.1029620022
2002 118.767563999 32.1029560007
2003 118.767522999 32.1028940044
2004 118.767506999 32.1028940044
2005 118.767559003 32.1028970014
2006 118.767506999 32.1029349975
2007 118.767496001 32.1029450018
2008 118.767475998 32.1029579993
2009 118.767474999 32.102969002
2010 118.767494003 32.1029729992
2011 118.767530999 32.1029860023
2012 118.767571 32.1030059997
2013 118.767565998 32.1029899996
2014 118.767572998 32.1029220019
2015 118.767585002 32.1029499993
2016 118.76766 32.1029550005
2017 118.767641002 32.1029889993
2018 118.767613998 32.1029520035
2019 118.767596999 32.1029339992
2020 118.767571999 32.102948999
2021 118.767571 32.1029610019
2022 118.767571999 32.1029680036
2023 118.767588999 32.1029729992
2024 118.767585002 32.1029780023
2025 118.767547 32.1029610019
2026 118.76753 32.102969002
2027 118.76753 32.1029710006
2028 118.767539999 32.1029680036
2029 118.767551003 32.1029620022
2030 118.767556998 32.1029620022
2031 118.767563999 32.1029640008
2032 118.767580999 32.1029669978
2033 118.767575003 32.1029540021
2034 118.767555 32.1029230002
2035 118.767585002 32.1029259991
2036 118.767572998 32.1029259991
2037 118.767571999 32.1029530019
2038 118.767567003 32.1029680036
2039 118.767548998 32.1029969994
2040 118.767552002 32.102998998
2041 118.767595 32.1029790007
2042 118.767600003 32.1029640008
2043 118.767593002 32.1029659994
2044 118.767596 32.1029659994
2045 118.767564998 32.102948999
2046 118.767579999 32.102938002
2047 118.767555999 32.1029509977
2048 118.767540998 32.1029600035
2049 118.767603 32.1029060017
2050 118.767628 32.1028780043
2051 118.767604999 32.1029310003
2052 118.767578001 32.1029649992
2053 118.767602001 32.1029280033
2054 118.767590997 32.1029569991
2055 118.767576002 32.1029979996
2056 118.767580999 32.102940999
2057 118.767616003 32.1029419992
2058 118.767611 32.1028940044
2059 118.767568002 32.1028810013
2060 118.767559003 32.1028900016
2061 118.767577002 32.1029020045
2062 118.767540998 32.1029419992
2063 118.767522999 32.1029360034
2064 118.767560002 32.1029140018
2065 118.767595 32.1029310003
2066 118.767575003 32.102938002
2067 118.767602001 32.1029240005
2068 118.767588999 32.1029310003
2069 118.767592003 32.1029280033
2070 118.767576002 32.1029109973
2071 118.767522999 32.1028529983
2072 118.767522 32.1028609984
2073 118.767519002 32.1028480027
2074 118.767527002 32.1028740015
2075 118.767590997 32.1029109973
2076 118.767582997 32.1028700043
2077 118.767581998 32.1028710026
2078 118.767565998 32.1028730012
2079 118.767561001 32.102938002
2080 118.767546 32.1028849985
2081 118.767548998 32.1029020045
2082 118.767512001 32.1029370017
2083 118.76753 32.1029109973
2084 118.767560002 32.1028960031
2085 118.767548998 32.1028269995
2086 118.767532998 32.1028790027
2087 118.767543003 32.1028730012
2088 118.767571 32.1028689984
2089 118.767585002 32.1028749999
2090 118.767575003 32.1028720029
2091 118.767573998 32.1029109973
2092 118.767593002 32.1028700043
2093 118.767568002 32.1028609984
2094 118.767578001 32.1028800029
2095 118.767555 32.1028839983
2096 118.767567003 32.1028940044
2097 118.767568002 32.1028970014
2098 118.767548998 32.1029040031
2099 118.767547 32.1029180046
2100 118.767549997 32.1029189974
2101 118.767544002 32.1029259991
2102 118.767520002 32.1029480007
2103 118.767528002 32.1029339992
2104 118.767535002 32.1029050015
2105 118.767514999 32.1028820015
2106 118.767554 32.102888003
2107 118.767557997 32.1029200032
2108 118.767538 32.1029200032
2109 118.767529001 32.1029130016
2110 118.767528002 32.1029160004
2111 118.767518003 32.1029180046
2112 118.767533997 32.1029150002
2113 118.767556998 32.1029360034
2114 118.767563999 32.1028519981
2115 118.767547 32.1029020045
2116 118.767555 32.1028620042
2117 118.767538 32.1028550025
2118 118.767513001 32.102888003
2119 118.767537001 32.1029020045
2120 118.767549997 32.1028829999
2121 118.767533997 32.1029230002
2122 118.767538999 32.1028940044
2123 118.767545001 32.1029390004
2124 118.767439001 32.1029520035
2125 118.765997001 32.1024359986
2126 118.765243997 32.1022430025
2127 118.765699997 32.1013970021
2128 118.768395998 32.101714002
2129 118.771800999 32.1028730012
2130 118.774335999 32.1032070015
2131 118.776396999 32.1031500008
2132 118.778169003 32.1022729985
2133 118.779256 32.0998020004
2134 118.779346999 32.0996620022
2135 118.779670002 32.0987590011
2136 118.778962001 32.0945379995
2137 118.778523 32.0916760024
2138 118.781667001 32.0920620002
2139 118.784054002 32.0915419981
2140 118.786971002 32.0895600002
2141 118.787305002 32.089275999
2142 118.787323001 32.0892849974
2143 118.789318002 32.0878169984
2144 118.790581002 32.0875750035
2145 118.790744002 32.0874940027
2146 118.790744002 32.0874940027
2147 118.790744002 32.0874940027
2148 118.790744002 32.0874940027
2149 118.790744002 32.0874940027
2150 118.790744002 32.0874940027
2151 118.767522 32.1029230002
2152 118.767525997 32.1029579993
2153 118.767553001 32.1029259991
2154 118.762282999 32.1018000003
2155 118.762231002 32.1014960017
2156 118.752995997 32.0834370013
2157 118.784499997 32.0531089995
2158 118.779274998 32.0916080046
2159 118.778330997 32.1143650003
2160 118.765214001 32.1018610019
2161 118.749554 32.0787530001
2162 118.798782999 31.9978260007
2163 118.778256998 31.9852859993
2164 118.796126998 31.9859600011
2165 118.821927997 31.9665010013
2166 118.811218998 31.9683219977
2167 118.790683998 32.0004779976
2168 118.788312998 32.0070709977
2169 118.743870003 32.0816430021
2170 118.749977 32.092273999
2171 118.764758001 32.1022489984
2172 118.767579 32.102793999
2173 118.767524998 32.1029029973
2174 118.767593002 32.1028769985
2175 118.767519002 32.1027980018
2176 118.767570001 32.1028330009
2177 118.760906999 32.1011210009
2178 118.790779999 32.0969539974
2179 118.794630003 32.0984419994
2180 118.794619998 32.0984179992
2181 118.794536999 32.0984800011
2182 118.794609 32.0984550025
2183 118.831239 32.0920410026
2184 118.831239 32.0920510013